config:
  batch_size: 16
  loss: kd
  n_epochs: 500
  nr_classes: 4
  student_lr: 0.0001
  teacher_lr: 0.0001
  temperature: 3.0
  weight_decay: 0.0001
student:
  accuracy: 85.38461538461539
  f1: 85.35248266554981
  precision: 85.63757670900529
  recall: 85.38461538461539
student_kd:
  accuracy: 83.07692307692308
  f1: 82.86396832980684
  precision: 83.49492814877429
  recall: 83.07692307692308
teacher:
  accuracy: 83.84615384615384
  f1: 83.91905487868158
  precision: 84.32210960206481
  recall: 83.84615384615385
